mpc.bus = [
	1	3	0	0	0	0	1	1	0	12.66	1	1	1;
	2	1	100	60	0	0	1	1	0	12.66	1	1.1	0.9;
	3	1	90	40	0	0	1	1	0	12.66	1	1.1	0.9;
	4	1	120	80	0	0	1	1	0	12.66	1	1.1	0.9;
	5	1	60	30	0	0	1	1	0	12.66	1	1.1	0.9;
	6	1	60	20	0	0	1	1	0	12.66	1	1.1	0.9;
	7	1	200	100	0	0	1	1	0	12.66	1	1.1	0.9;
	8	1	200	100	0	0	1	1	0	12.66	1	1.1	0.9;
	9	1	60	20	0	0	1	1	0	12.66	1	1.1	0.9;
	10	1	60	20	0	0	1	1	0	12.66	1	1.1	0.9;
	11	1	45	30	0	0	1	1	0	12.66	1	1.1	0.9;
	12	1	60	35	0	0	1	1	0	12.66	1	1.1	0.9;
	13	1	60	35	0	0	1	1	0	12.66	1	1.1	0.9;
	14	1	120	80	0	0	1	1	0	12.66	1	1.1	0.9;
	15	1	60	10	0	0	1	1	0	12.66	1	1.1	0.9;
	16	1	60	20	0	0	1	1	0	12.66	1	1.1	0.9;
	17	1	60	20	0	0	1	1	0	12.66	1	1.1	0.9;
	18	1	90	40	0	0	1	1	0	12.66	1	1.1	0.9;
	19	1	90	40	0	0	1	1	0	12.66	1	1.1	0.9;
	20	1	90	40	0	0	1	1	0	12.66	1	1.1	0.9;
	21	1	90	40	0	0	1	1	0	12.66	1	1.1	0.9;
	22	1	90	40	0	0	1	1	0	12.66	1	1.1	0.9;
	23	1	90	50	0	0	1	1	0	12.66	1	1.1	0.9;
	24	1	420	200	0	0	1	1	0	12.66	1	1.1	0.9;
	25	1	420	200	0	0	1	1	0	12.66	1	1.1	0.9;
	26	1	60	25	0	0	1	1	0	12.66	1	1.1	0.9;
	27	1	60	25	0	0	1	1	0	12.66	1	1.1	0.9;
	28	1	60	20	0	0	1	1	0	12.66	1	1.1	0.9;
	29	1	120	70	0	0	1	1	0	12.66	1	1.1	0.9;
	30	1	200	600	0	0	1	1	0	12.66	1	1.1	0.9;
	31	1	150	70	0	0	1	1	0	12.66	1	1.1	0.9;
	32	1	210	100	0	0	1	1	0	12.66	1	1.1	0.9;
	33	1	60	40	0	0	1	1	0	12.66	1	1.1	0.9;
    	1+33	1	0	0	0	0	1	1	0	12.66	1	1	1;
	2+33	1	100	60	0	0	1	1	0	12.66	1	1.1	0.9;
	3+33	1	90	40	0	0	1	1	0	12.66	1	1.1	0.9;
	4+33	1	120	80	0	0	1	1	0	12.66	1	1.1	0.9;
	5+33	1	60	30	0	0	1	1	0	12.66	1	1.1	0.9;
	6+33	1	60	20	0	0	1	1	0	12.66	1	1.1	0.9;
	7+33	1	200	100	0	0	1	1	0	12.66	1	1.1	0.9;
	8+33	1	200	100	0	0	1	1	0	12.66	1	1.1	0.9;
	9+33	1	60	20	0	0	1	1	0	12.66	1	1.1	0.9;
	10+33	1	60	20	0	0	1	1	0	12.66	1	1.1	0.9;
	11+33	1	45	30	0	0	1	1	0	12.66	1	1.1	0.9;
	12+33	1	60	35	0	0	1	1	0	12.66	1	1.1	0.9;
	13+33	1	60	35	0	0	1	1	0	12.66	1	1.1	0.9;
	14+33	1	120	80	0	0	1	1	0	12.66	1	1.1	0.9;
	15+33	1	60	10	0	0	1	1	0	12.66	1	1.1	0.9;
	16+33	1	60	20	0	0	1	1	0	12.66	1	1.1	0.9;
	17+33	1	60	20	0	0	1	1	0	12.66	1	1.1	0.9;
	18+33	1	90	40	0	0	1	1	0	12.66	1	1.1	0.9;
	19+33	1	90	40	0	0	1	1	0	12.66	1	1.1	0.9;
	20+33	1	90	40	0	0	1	1	0	12.66	1	1.1	0.9;
	21+33	1	90	40	0	0	1	1	0	12.66	1	1.1	0.9;
	22+33	1	90	40	0	0	1	1	0	12.66	1	1.1	0.9;
	23+33	1	90	50	0	0	1	1	0	12.66	1	1.1	0.9;
	24+33	1	420	200	0	0	1	1	0	12.66	1	1.1	0.9;
	25+33	1	420	200	0	0	1	1	0	12.66	1	1.1	0.9;
	26+33	1	60	25	0	0	1	1	0	12.66	1	1.1	0.9;
	27+33	1	60	25	0	0	1	1	0	12.66	1	1.1	0.9;
	28+33	1	60	20	0	0	1	1	0	12.66	1	1.1	0.9;
	29+33	1	120	70	0	0	1	1	0	12.66	1	1.1	0.9;
	30+33	1	200	600	0	0	1	1	0	12.66	1	1.1	0.9;
	31+33	1	150	70	0	0	1	1	0	12.66	1	1.1	0.9;
	32+33	1	210	100	0	0	1	1	0	12.66	1	1.1	0.9;
	33+33	1	60	40	0	0	1	1	0	12.66	1	1.1	0.9;
];

mpc.gen = [
	1	0	0	10	-10	1	100	1	10	0	0	0	0	0	0	0	0	0	0	0	0;
	1+33	0	0	10	-10	1	100	1	10	0	0	0	0	0	0	0	0	0	0	0	0;
    	4	0	0	0	0	1	100	1	0.74*0	0.74*0 0	0	0	0	0	0	0	0	0	0	0;
    	4+33	0	0	0	0	1	100	1	0.74*0	0.74*0	0	0	0	0	0	0	0	0	0	0	0;
];

mpc.branch = [
	1	2	0.0922	0.0470	0	0	0	0	0	0	1	-360	360;
	2	3	0.4930	0.2511	0	0	0	0	0	0	1	-360	360;
	3	4	0.3660	0.1864	0	0	0	0	0	0	1	-360	360;
	4	5	0.3811	0.1941	0	0	0	0	0	0	1	-360	360;
	5	6	0.8190	0.7070	0	0	0	0	0	0	1	-360	360;
	6	7	0.1872	0.6188	0	0	0	0	0	0	1	-360	360;
	7	8	0.7114	0.2351	0	0	0	0	0	0	1	-360	360;
	8	9	1.0300	0.7400	0	0	0	0	0	0	1	-360	360;
	9	10	1.0440	0.7400	0	0	0	0	0	0	1	-360	360;
	7	11	3.0 2.0	0	0	0	0	0	0	1	-360	360;
	11	12	0.3744	0.1238	0	0	0	0	0	0	1	-360	360;
	12	13	1.4680	1.1550	0	0	0	0	0	0	1	-360	360;
	13	14	0.5416	0.7129	0	0	0	0	0	0	1	-360	360;
	14	15	0.5910	0.5260	0	0	0	0	0	0	1	-360	360;
	15	16	0.7463	0.5450	0	0	0	0	0	0	1	-360	360;
	16	17	1.2890	1.7210	0	0	0	0	0	0	1	-360	360;
	17	18	0.7320	0.5740	0	0	0	0	0	0	1	-360	360;
	2	19	0.1640	0.1565	0	0	0	0	0	0	1	-360	360;
	19	20	1.5042	1.3554	0	0	0	0	0	0	1	-360	360;
	20	21	0.4095	0.4784	0	0	0	0	0	0	1	-360	360;
	21	22	0.7089	0.9373	0	0	0	0	0	0	1	-360	360;
	3	23	0.4512	0.3083	0	0	0	0	0	0	1	-360	360;
	23	24	0.8980	0.7091	0	0	0	0	0	0	1	-360	360;
	24	25	0.8960	0.7011	0	0	0	0	0	0	1	-360	360;
	6	26	0.2030	0.1034	0	0	0	0	0	0	1	-360	360;
	26	27	0.2842	0.1447	0	0	0	0	0	0	1	-360	360;
	27	28	1.0590	0.9337	0	0	0	0	0	0	1	-360	360;
	28	29	0.8042	0.7006	0	0	0	0	0	0	1	-360	360;
	29	30	0.5075	0.2585	0	0	0	0	0	0	1	-360	360;
	30	31	0.9744	0.9630	0	0	0	0	0	0	1	-360	360;
	31	32	0.3105	0.3619	0	0	0	0	0	0	1	-360	360;
	32	33	0.3410	0.5302	0	0	0	0	0	0	1	-360	360;
    	1+33	2+33	0.0922	0.0470	0	0	0	0	0	0	1	-360	360;
	2+33	3+33	0.4930	0.2511	0	0	0	0	0	0	1	-360	360;
	3+33	4+33	0.3660	0.1864	0	0	0	0	0	0	1	-360	360;
	4+33	5+33	0.3811	0.1941	0	0	0	0	0	0	1	-360	360;
	5+33	6+33	0.8190	0.7070	0	0	0	0	0	0	1	-360	360;
	6+33	7+33	0.1872	0.6188	0	0	0	0	0	0	1	-360	360;
	7+33	8+33	0.7114	0.2351	0	0	0	0	0	0	1	-360	360;
	8+33	9+33	1.0300	0.7400	0	0	0	0	0	0	1	-360	360;
	9+33	10+33	1.0440	0.7400	0	0	0	0	0	0	1	-360	360;
	10+33	11+33	0.1966	0.0650	0	0	0	0	0	0	1	-360	360;
	11+33	12+33	0.3744	0.1238	0	0	0	0	0	0	1	-360	360;
	12+33	13+33	1.4680	1.1550	0	0	0	0	0	0	1	-360	360;
	13+33	14+33	0.5416	0.7129	0	0	0	0	0	0	1	-360	360;
	14+33	15+33	0.5910	0.5260	0	0	0	0	0	0	1	-360	360;
	15+33	16+33	0.7463	0.5450	0	0	0	0	0	0	1	-360	360;
	16+33	17+33	1.2890	1.7210	0	0	0	0	0	0	1	-360	360;
	17+33	18+33	0.7320	0.5740	0	0	0	0	0	0	1	-360	360;
	2+33	19+33	0.1640	0.1565	0	0	0	0	0	0	1	-360	360;
	19+33	20+33	1.5042	1.3554	0	0	0	0	0	0	1	-360	360;
	20+33	21+33	0.4095	0.4784	0	0	0	0	0	0	1	-360	360;
	21+33	22+33	0.7089	0.9373	0	0	0	0	0	0	1	-360	360;
	3+33	23+33	0.4512	0.3083	0	0	0	0	0	0	1	-360	360;
	23+33	24+33	0.8980	0.7091	0	0	0	0	0	0	1	-360	360;
	24+33	25+33	0.8960	0.7011	0	0	0	0	0	0	1	-360	360;
	6+33	26+33	0.2030	0.1034	0	0	0	0	0	0	1	-360	360;
	26+33	27+33	0.2842	0.1447	0	0	0	0	0	0	1	-360	360;
	27+33	28+33	1.0590	0.9337	0	0	0	0	0	0	1	-360	360;
	28+33	29+33	0.8042	0.7006	0	0	0	0	0	0	1	-360	360;
	24+33	30+33	3.0 2.0	0	0	0	0	0	0	1	-360	360;
	30+33	31+33	0.9744	0.9630	0	0	0	0	0	0	1	-360	360;
	31+33	32+33	0.3105	0.3619	0	0	0	0	0	0	1	-360	360;
	32+33	33+33	0.3410	0.5302	0	0	0	0	0	0	1	-360	360;
];

mpc.gencost = [
	2	0	0	3	0	20	0;
	2	0	0	3	0	20	0;
    	2	0	0	3	0	18.5	0;
    	2	0	0	3	0	18.5	0;
];